Tumor_Sample_Barcode	Frame_Shift_Del	Frame_Shift_Ins	In_Frame_Del	In_Frame_Ins	Missense_Mutation	Nonsense_Mutation	Nonstop_Mutation	Splice_Site	Translation_Start_Site	total
TCGA-B0-5098-01A-01D-1421-08	95	21	10	1	381	22	0	23	1	554
TCGA-A3-3346-01A-01W-0886-08	8	6	2	0	99	11	0	5	0	131
TCGA-A3-3374-01A-01W-0886-08	0	4	2	0	102	15	0	2	0	125
TCGA-CJ-4920-01A-01D-1429-08	19	4	0	0	93	5	0	2	1	124
TCGA-A3-A8OV-01A-11D-A36X-10	7	3	1	0	97	6	0	3	0	117
TCGA-A3-3382-01A-01W-0886-08	7	3	3	0	76	11	0	2	0	102
TCGA-CZ-5468-01A-01D-1501-10	5	2	1	0	88	2	0	1	0	99
TCGA-A3-3313-01A-01W-0886-08	6	8	0	1	76	6	0	1	0	98
TCGA-BP-5176-01A-01D-1429-08	14	3	2	0	70	6	0	2	0	97
TCGA-B0-4823-01A-02D-1421-08	7	2	3	1	73	6	0	3	0	95
TCGA-BP-5168-01A-01D-1421-08	13	2	3	0	69	3	0	3	1	94
TCGA-CJ-6030-01A-11D-1669-08	11	4	0	0	69	6	0	4	0	94
TCGA-CZ-4859-01A-02D-1429-08	8	6	3	0	66	5	0	4	1	93
TCGA-B0-5713-01A-11D-1669-08	10	5	1	0	68	2	1	3	0	90
TCGA-CZ-5465-01A-01D-1806-10	14	3	1	0	66	4	0	2	0	90
TCGA-CW-6093-01A-11D-1669-08	11	2	0	0	68	3	0	4	0	88
TCGA-A3-A6NN-01A-12D-A33K-10	7	3	3	1	67	5	0	0	0	86
TCGA-B0-5712-01A-11D-1669-08	13	4	0	0	57	7	0	3	0	84
TCGA-CZ-4853-01A-01D-1429-08	11	2	0	0	66	5	0	0	0	84
TCGA-A3-3382-01A-01D-0966-08	6	1	3	0	63	7	0	2	0	82
TCGA-AK-3444-01A-01W-0886-08	7	4	3	0	63	2	0	2	0	81
TCGA-B0-5701-01A-11D-1534-10	11	2	0	0	68	0	0	0	0	81
TCGA-B8-5550-01A-01D-1534-10	13	3	1	0	55	5	0	4	0	81
TCGA-CJ-5672-01A-11D-1534-10	9	1	2	0	60	6	2	1	0	81
TCGA-GK-A6C7-01A-11D-A33K-10	9	5	0	0	60	7	0	0	0	81
TCGA-AK-3444-01A-01D-0966-08	7	2	3	0	62	3	0	2	0	79
TCGA-CW-6090-01A-11D-1669-08	6	5	4	0	58	6	0	0	0	79
TCGA-A3-3313-01A-01D-0966-08	7	5	0	1	59	5	0	1	0	78
TCGA-B0-5075-01A-01D-1462-08	9	1	3	0	59	5	0	1	0	78
TCGA-A3-3357-01A-02D-1421-08	5	2	0	0	63	5	0	1	0	76
TCGA-CJ-5679-01A-11D-1534-10	7	0	1	0	64	2	0	2	0	76
TCGA-A3-3346-01A-01D-0966-08	8	4	2	0	55	3	0	3	0	75
TCGA-B0-5119-01A-02D-1421-08	11	2	2	0	55	3	0	2	0	75
TCGA-B8-4621-01A-01D-1501-10	11	2	2	0	55	2	0	3	0	75
TCGA-BP-4976-01A-01D-1462-08	10	4	1	0	58	2	0	0	0	75
TCGA-BP-4782-01A-02D-1421-08	10	0	0	0	58	4	0	1	1	74
TCGA-CW-5580-01A-01D-1669-08	12	1	1	0	54	2	0	4	0	74
TCGA-DV-A4VX-01A-11D-A25V-10	8	3	0	1	53	5	1	3	0	74
TCGA-A3-3320-01A-01W-0886-08	7	4	0	0	50	9	0	2	0	72
TCGA-B0-5096-01A-01D-1421-08	5	2	0	0	55	5	0	4	1	72
TCGA-B8-5164-01A-01D-1421-08	9	2	2	0	52	5	0	2	0	72
TCGA-CZ-5459-01A-01D-1501-10	8	2	1	0	57	2	0	1	1	72
TCGA-3Z-A93Z-01A-11D-A36X-10	6	0	1	0	55	5	0	4	0	71
TCGA-A3-3319-01A-01W-0886-08	4	6	1	0	56	3	0	1	0	71
TCGA-CZ-4865-01A-02D-1501-10	7	0	1	0	56	4	0	3	0	71
TCGA-BP-4964-01A-01D-1462-08	5	1	1	0	59	2	0	2	0	70
TCGA-BP-5185-01A-01D-1429-08	9	1	0	0	56	2	0	2	0	70
TCGA-A3-3363-01A-01W-0886-08	5	7	0	0	54	3	0	0	0	69
TCGA-BP-4963-01A-01D-1462-08	8	7	0	0	51	1	0	2	0	69
TCGA-BP-4985-01A-01D-1462-08	5	1	2	0	59	2	0	0	0	69
TCGA-CJ-4912-01A-01D-1429-08	5	1	2	0	54	7	0	0	0	69
TCGA-CZ-5451-01A-01D-1501-10	9	2	0	0	50	7	0	1	0	69
TCGA-MM-A564-01A-11D-A25V-10	12	1	1	0	49	4	0	2	0	69
TCGA-AS-3778-01A-01W-0886-08	7	9	1	0	44	4	0	3	0	68
TCGA-B0-5094-01A-01D-1421-08	5	1	1	0	57	2	0	2	0	68
TCGA-B0-4827-01A-02D-1421-08	7	2	0	0	56	1	0	1	0	67
TCGA-B0-5095-01A-01D-1421-08	7	2	0	1	52	2	0	3	0	67
TCGA-BP-5199-01A-01D-1429-08	8	2	0	0	52	1	0	4	0	67
TCGA-A3-3308-01A-01D-0966-08	10	2	2	0	48	2	0	2	0	66
TCGA-CJ-6027-01A-11D-1669-08	6	3	1	1	48	5	0	2	0	66
TCGA-A3-3387-01A-01D-1534-10	3	1	1	0	54	4	0	2	0	65
TCGA-CJ-5689-01A-11D-1534-10	5	0	1	0	51	8	0	0	0	65
TCGA-CZ-5457-01A-01D-1501-10	7	0	1	0	51	4	0	2	0	65
TCGA-A3-3308-01A-01W-0886-08	10	2	2	0	45	3	0	2	0	64
TCGA-A3-3372-01A-01W-0886-08	6	5	0	1	45	4	0	3	0	64
TCGA-B0-5099-01A-01D-1421-08	8	2	1	0	46	5	0	2	0	64
TCGA-B0-5106-01A-01D-1421-08	6	0	1	0	51	5	0	1	0	64
TCGA-B4-5835-01A-11D-1669-08	8	0	0	0	42	12	0	2	0	64
TCGA-BP-5198-01A-01D-1429-08	9	3	1	0	43	6	2	0	0	64
TCGA-G6-A8L8-01A-21D-A36X-10	8	1	0	0	49	4	0	2	0	64
TCGA-MM-A84U-01A-11D-A36X-10	6	1	3	0	49	3	0	2	0	64
TCGA-A3-A8OU-01A-11D-A36X-10	3	2	2	0	54	2	0	0	0	63
TCGA-B8-A54H-01A-11D-A33K-10	10	2	0	0	50	0	0	1	0	63
TCGA-BP-5195-01A-02D-1429-08	6	0	1	0	51	4	0	1	0	63
TCGA-CJ-4869-01A-02D-1429-08	4	2	2	0	51	2	0	2	0	63
TCGA-A3-3331-01A-01W-0886-08	4	1	0	0	52	3	1	1	0	62
TCGA-A3-A6NI-01A-11D-A33K-10	8	4	2	0	42	2	0	4	0	62
TCGA-BP-5173-01A-01D-1429-08	1	1	1	0	59	0	0	0	0	62
TCGA-CJ-4882-01A-02D-1429-08	7	2	0	0	44	8	0	1	0	62
TCGA-CJ-4918-01A-01D-1429-08	8	0	2	0	47	2	0	3	0	62
TCGA-CJ-5677-01A-11D-1534-10	9	1	0	0	47	3	0	2	0	62
TCGA-B0-5092-01A-01D-1421-08	4	2	0	0	49	6	0	0	0	61
TCGA-B0-5698-01A-11D-1669-08	8	1	0	0	45	5	0	2	0	61
TCGA-B0-5703-01A-11D-1534-10	8	2	1	0	43	6	0	1	0	61
TCGA-CJ-5682-01A-11D-1534-10	7	1	1	0	48	4	0	0	0	61
TCGA-CJ-6033-01A-11D-1669-08	1	0	1	0	55	1	0	3	0	61
TCGA-CW-5587-01A-01D-1534-10	7	3	1	0	45	2	0	3	0	61
TCGA-CZ-5453-01A-01D-1501-10	8	1	2	0	41	3	0	4	1	60
TCGA-B0-5705-01A-11D-1534-10	7	2	1	0	44	5	0	0	0	59
TCGA-B2-5641-01A-01D-1534-10	5	2	1	0	46	4	0	1	0	59
TCGA-B4-5832-01A-11D-1669-08	6	1	1	1	46	1	1	2	0	59
TCGA-B4-5844-01A-11D-1669-08	9	2	1	0	40	3	0	4	0	59
TCGA-BP-5182-01A-01D-1429-08	5	1	1	0	42	8	0	1	1	59
TCGA-B4-5838-01A-11D-1669-08	5	2	1	0	46	2	1	1	0	58
TCGA-A3-3317-01A-01D-0966-08	6	1	0	0	44	4	0	2	0	57
TCGA-A3-3367-01A-02D-1421-08	5	3	1	0	43	2	0	3	0	57
TCGA-B0-5709-01A-11D-1534-10	7	2	0	0	44	4	0	0	0	57
TCGA-B8-5163-01A-01D-1421-08	6	1	3	0	44	2	0	1	0	57
TCGA-CZ-4864-01A-01D-1501-10	4	1	0	0	49	0	0	3	0	57
TCGA-A3-3319-01A-01D-0966-08	4	2	1	0	46	3	0	0	0	56
TCGA-B0-5085-01A-01D-1462-08	2	4	0	0	40	7	0	3	0	56
TCGA-B0-5702-01A-11D-1534-10	3	2	0	0	48	3	0	0	0	56
TCGA-BP-4983-01A-01D-1462-08	2	2	0	0	44	7	0	1	0	56
TCGA-BP-5010-01A-02D-1421-08	10	4	1	0	37	2	0	2	0	56
TCGA-CJ-4902-01A-01D-1429-08	5	0	1	0	47	2	0	1	0	56
TCGA-CJ-6031-01A-11D-1669-08	9	3	1	0	36	5	0	1	1	56
TCGA-DV-A4W0-01A-11D-A25V-10	11	1	1	0	38	4	0	1	0	56
TCGA-G6-A8L7-01A-11D-A36X-10	10	1	0	0	36	4	0	4	1	56
TCGA-B0-5700-01A-11D-1534-10	6	2	2	0	40	1	0	4	0	55
TCGA-BP-4960-01A-01D-1462-08	4	2	2	0	45	1	0	1	0	55
TCGA-CZ-5462-01A-01D-1501-10	10	0	0	0	41	2	0	2	0	55
TCGA-B8-A7U6-01A-12D-A36X-10	5	0	1	0	45	2	0	1	0	54
TCGA-CZ-4856-01A-02D-1429-08	7	3	0	0	40	3	0	1	0	54
TCGA-EU-5906-01A-11D-1669-08	7	0	1	0	43	3	0	0	0	54
TCGA-A3-3322-01A-01W-0886-08	6	3	1	0	40	1	0	2	0	53
TCGA-B0-5097-01A-01D-1421-08	5	0	0	0	40	5	0	3	0	53
TCGA-B0-5116-01A-02D-1421-08	10	1	1	0	37	1	0	3	0	53
TCGA-BP-4993-01A-02D-1421-08	7	1	0	0	39	4	1	1	0	53
TCGA-CZ-5461-01A-01D-1501-10	4	1	0	0	42	4	0	1	1	53
TCGA-G6-A5PC-01A-11D-A33K-10	8	1	0	0	39	4	0	1	0	53
TCGA-G6-A8L6-01A-11D-A36X-10	4	6	1	0	36	4	0	2	0	53
TCGA-A3-3383-01A-01W-0886-08	6	6	2	0	33	3	0	2	0	52
TCGA-B0-5088-01A-01D-1462-08	3	2	2	0	41	2	0	2	0	52
TCGA-B0-5110-01A-01D-1421-08	9	0	0	0	39	2	1	1	0	52
TCGA-B0-5115-01A-01D-1421-08	6	1	1	0	34	8	0	2	0	52
TCGA-B8-4622-01A-02D-1553-08	10	0	0	0	36	5	0	1	0	52
TCGA-B8-5162-01A-01D-1421-08	5	0	0	0	44	2	0	1	0	52
TCGA-B8-A54I-01A-21D-A33K-10	6	1	0	0	42	2	0	1	0	52
TCGA-BP-4989-01A-01D-1462-08	2	0	0	0	44	4	0	2	0	52
TCGA-CJ-5675-01A-11D-1534-10	5	1	1	0	40	5	0	0	0	52
TCGA-CJ-5676-01A-11D-1534-10	5	3	0	0	35	7	0	1	1	52
TCGA-EU-5905-01A-11D-1669-08	3	4	0	0	42	2	1	0	0	52
TCGA-A3-3358-01A-01D-1534-10	3	1	0	0	41	5	0	1	0	51
TCGA-A3-3380-01A-01W-0886-08	2	6	0	0	36	6	0	1	0	51
TCGA-B8-4153-01B-11D-1669-08	4	1	1	1	40	3	0	0	1	51
TCGA-BP-4801-01A-02D-1421-08	7	0	1	0	38	4	0	1	0	51
TCGA-BP-4967-01A-01D-1462-08	6	5	0	0	38	2	0	0	0	51
TCGA-CZ-5456-01A-01D-1501-10	7	1	1	0	39	3	0	0	0	51
TCGA-A3-3385-01A-02D-1421-08	5	1	0	0	38	3	0	3	0	50
TCGA-AK-3455-01A-01D-0966-08	4	2	1	0	40	2	0	1	0	50
TCGA-B4-5836-01A-11D-1669-08	7	1	2	0	34	5	0	1	0	50
TCGA-B8-4143-01A-01D-1806-10	2	0	0	0	42	4	0	2	0	50
TCGA-B8-A54D-01A-21D-A25V-10	3	1	1	0	37	6	0	2	0	50
TCGA-CJ-4923-01A-01D-1429-08	8	1	0	0	36	4	0	1	0	50
TCGA-CJ-5683-01A-11D-1534-10	5	0	1	0	43	1	0	0	0	50
TCGA-CW-5589-01A-01D-1534-10	3	2	1	1	36	3	0	4	0	50
TCGA-DV-5565-01A-01D-1534-10	3	0	1	0	42	3	0	1	0	50
TCGA-B0-5690-01A-11D-1534-10	1	0	0	0	44	0	0	4	0	49
TCGA-B0-5695-01A-11D-1534-10	4	0	0	0	38	4	0	3	0	49
TCGA-B8-5158-01A-01D-1421-08	4	0	0	0	41	2	0	2	0	49
TCGA-B8-A54J-01A-11D-A33K-10	2	1	0	0	43	2	0	1	0	49
TCGA-CJ-5686-01A-11D-1669-08	7	2	0	0	33	5	0	2	0	49
TCGA-A3-3378-01A-01W-0886-08	4	2	1	0	38	2	0	1	0	48
TCGA-B0-4842-01A-02D-1421-08	3	1	1	0	37	4	0	2	0	48
TCGA-B0-5692-01A-11D-1534-10	8	2	3	0	30	5	0	0	0	48
TCGA-B2-5635-01A-01D-1534-10	10	1	1	0	34	0	0	1	1	48
TCGA-CJ-4901-01A-01D-1429-08	4	0	2	0	40	1	0	1	0	48
TCGA-CJ-4907-01A-01D-1429-08	3	0	2	0	37	6	0	0	0	48
TCGA-CW-5581-01A-02D-1534-10	6	1	2	0	33	5	0	1	0	48
TCGA-CZ-5466-01A-01D-1501-10	3	2	0	0	37	6	0	0	0	48
TCGA-A3-3311-01A-01D-0966-08	4	0	3	0	38	1	0	1	0	47
TCGA-A3-3373-01A-02D-1421-08	5	0	1	0	37	3	0	1	0	47
TCGA-B0-5402-01A-01D-1501-10	2	0	2	0	39	3	0	0	1	47
TCGA-CJ-5671-01A-11D-1534-10	5	1	0	0	40	1	0	0	0	47
TCGA-CW-5588-01A-01D-1534-10	1	1	1	0	40	3	1	0	0	47
TCGA-CZ-5986-01A-11D-1669-08	5	1	4	0	34	0	1	2	0	47
TCGA-AS-3778-01A-01D-0966-08	4	3	3	0	33	1	0	2	0	46
TCGA-B0-5104-01A-01D-1421-08	4	1	2	0	32	4	0	3	0	46
TCGA-B0-5107-01A-01D-1421-08	5	1	0	0	31	5	0	3	1	46
TCGA-CW-6087-01A-11D-1669-08	2	0	0	0	39	5	0	0	0	46
TCGA-A3-3378-01A-01D-0966-08	4	0	1	0	39	1	0	0	0	45
TCGA-B0-5691-01A-11D-1534-10	2	3	2	0	36	2	0	0	0	45
TCGA-B8-5159-01A-01D-1421-08	3	2	1	0	35	4	0	0	0	45
TCGA-A3-A6NJ-01A-12D-A33K-10	2	2	2	0	33	4	0	1	0	44
TCGA-B0-5120-01A-01D-1421-08	3	1	0	0	33	3	0	4	0	44
TCGA-B0-5696-01A-11D-1534-10	3	3	1	0	32	3	0	2	0	44
TCGA-B0-5706-01A-11D-1534-10	6	1	1	0	32	3	0	1	0	44
TCGA-BP-4770-01A-01D-1501-10	1	0	0	0	41	0	0	2	0	44
TCGA-BP-5178-01A-01D-1429-08	3	0	2	0	36	3	0	0	0	44
TCGA-BP-5181-01A-01D-1429-08	3	0	0	0	39	1	0	1	0	44
TCGA-BP-5187-01A-01D-1429-08	1	2	0	0	38	2	0	1	0	44
TCGA-BP-5191-01A-01D-1429-08	2	2	2	0	34	2	0	2	0	44
TCGA-A3-3365-01A-01W-0886-08	1	2	0	0	37	3	0	0	0	43
TCGA-A3-3383-01A-01D-0966-08	6	2	1	0	29	3	0	2	0	43
TCGA-B4-5377-01A-01D-1501-10	6	0	1	0	29	3	1	3	0	43
TCGA-B8-4151-01A-01D-1806-10	5	0	0	0	35	2	0	1	0	43
TCGA-B8-5549-01A-01D-1534-10	6	2	1	0	32	0	0	2	0	43
TCGA-BP-5192-01A-01D-1429-08	7	0	3	0	30	1	1	1	0	43
TCGA-CJ-6028-01A-11D-1669-08	2	3	0	0	34	3	0	1	0	43
TCGA-CZ-5470-01A-01D-1501-10	6	0	1	0	29	5	0	2	0	43
TCGA-CZ-5985-01A-11D-1669-08	4	2	0	0	31	4	0	2	0	43
TCGA-CZ-5987-01A-11D-1669-08	3	2	0	0	34	1	0	3	0	43
TCGA-B0-5077-01A-01D-1462-08	3	0	2	0	33	3	0	1	0	42
TCGA-B0-5697-01A-11D-1534-10	4	0	0	1	34	2	0	1	0	42
TCGA-B2-4101-01A-02D-1458-08	5	1	1	0	30	3	0	2	0	42
TCGA-B2-5639-01A-01D-1534-10	4	0	1	0	32	3	0	2	0	42
TCGA-B8-5553-01A-01D-1534-10	4	1	0	0	28	6	0	3	0	42
TCGA-BP-4965-01A-01D-1462-08	3	2	0	0	36	1	0	0	0	42
TCGA-BP-5009-01A-01D-1462-08	4	1	2	0	33	0	0	2	0	42
TCGA-CJ-4913-01A-01D-1429-08	1	4	1	0	31	4	0	0	1	42
TCGA-A3-3323-01A-01D-0966-08	7	1	0	0	25	7	0	1	0	41
TCGA-B2-4102-01A-02D-1386-10	3	0	1	0	37	0	0	0	0	41
TCGA-BP-5189-01A-02D-1429-08	8	1	0	0	32	0	0	0	0	41
TCGA-CJ-4903-01A-01D-1429-08	4	0	0	0	33	3	0	0	1	41
TCGA-CJ-4904-01A-02D-1429-08	4	2	0	0	32	2	0	1	0	41
TCGA-CJ-4905-01A-02D-1429-08	6	1	0	0	30	3	0	1	0	41
TCGA-A3-3363-01A-01D-0966-08	2	0	0	0	37	1	0	0	0	40
TCGA-B0-5109-01A-02D-1421-08	3	0	0	0	31	4	0	2	0	40
TCGA-B2-5633-01A-01D-A270-10	1	1	0	1	31	3	1	2	0	40
TCGA-BP-5004-01A-01D-1462-08	8	0	3	0	24	2	0	3	0	40
TCGA-BP-5169-01A-01D-1429-08	3	0	0	0	32	3	0	2	0	40
TCGA-BP-5183-01A-01D-1429-08	9	2	0	0	24	5	0	0	0	40
TCGA-CW-5585-01A-01D-1534-10	3	1	1	0	30	3	0	2	0	40
TCGA-EU-5907-01A-11D-1669-08	4	1	2	1	27	3	0	2	0	40
TCGA-BP-4962-01A-01D-1462-08	2	2	0	0	33	1	0	0	1	39
TCGA-BP-4981-01A-01D-1462-08	2	1	0	0	33	2	0	1	0	39
TCGA-BP-4988-01A-01D-1462-08	2	0	1	0	31	3	0	2	0	39
TCGA-BP-5196-01A-01D-1429-08	5	4	2	0	22	3	0	3	0	39
TCGA-MM-A563-01A-11D-A25V-10	4	0	0	0	30	3	0	2	0	39
TCGA-B0-5084-01A-01D-1462-08	2	2	0	0	32	0	0	2	0	38
TCGA-B2-5633-01A-01D-1534-10	1	1	0	1	30	3	1	1	0	38
TCGA-A3-3376-01A-02D-1421-08	4	0	0	0	33	0	0	0	0	37
TCGA-B0-5121-01A-02D-1421-08	2	1	0	0	30	2	0	2	0	37
TCGA-BP-4999-01A-01D-1462-08	4	0	2	0	30	1	0	0	0	37
TCGA-CJ-5678-01A-11D-1534-10	9	1	1	0	23	3	0	0	0	37
TCGA-CJ-6032-01A-11D-1669-08	2	2	0	0	30	2	0	1	0	37
TCGA-CZ-5463-01A-01D-1501-10	3	2	0	0	30	2	0	0	0	37
TCGA-DV-5566-01A-01D-1534-10	2	1	0	0	28	3	0	3	0	37
TCGA-B0-5081-01A-01D-1462-08	3	0	0	0	29	4	0	0	0	36
TCGA-B2-5633-01B-04D-A270-10	1	1	0	1	28	3	1	1	0	36
TCGA-B8-5551-01A-01D-1534-10	5	1	1	1	24	3	0	1	0	36
TCGA-B8-A54E-01A-11D-A25V-10	3	0	0	0	33	0	0	0	0	36
TCGA-CJ-4900-01A-01D-1462-08	3	1	1	0	29	2	0	0	0	36
TCGA-CJ-4916-01A-01D-1429-08	2	1	1	0	29	1	0	2	0	36
TCGA-EU-5904-01A-11D-1669-08	2	1	0	0	29	4	0	0	0	36
TCGA-B0-4945-01A-01D-1421-08	4	0	0	0	29	1	0	1	0	35
TCGA-B0-5812-01A-11D-1669-08	1	0	0	0	28	5	0	1	0	35
TCGA-BP-4977-01A-01D-1462-08	2	0	1	0	32	0	0	0	0	35
TCGA-BP-5180-01A-01D-1429-08	4	0	0	0	27	3	0	0	1	35
TCGA-BP-5201-01A-01D-1429-08	1	2	0	0	30	2	0	0	0	35
TCGA-CJ-5680-01A-11D-1534-10	3	0	0	0	30	1	0	1	0	35
TCGA-CZ-5982-01A-11D-1669-08	4	0	0	0	27	3	0	1	0	35
TCGA-CZ-5989-01A-11D-1669-08	3	1	0	1	26	3	0	1	0	35
TCGA-A3-3316-01A-01D-0966-08	4	0	0	0	28	2	0	0	0	34
TCGA-B0-5108-01A-01D-1421-08	5	1	0	0	25	2	0	1	0	34
TCGA-B8-A54G-01A-11D-A25V-10	1	1	2	0	28	1	0	1	0	34
TCGA-BP-5006-01A-01D-1462-08	3	0	2	0	24	1	0	4	0	34
TCGA-BP-5008-01A-01D-1462-08	4	0	1	0	27	1	0	1	0	34
TCGA-BP-5177-01A-01D-1429-08	6	0	0	1	23	3	0	0	1	34
TCGA-B0-5693-01A-11D-1534-10	6	1	1	0	23	2	0	0	0	33
TCGA-B0-5699-01A-11D-1534-10	1	1	0	0	24	3	0	4	0	33
TCGA-B4-5843-01A-11D-1669-08	4	2	1	0	25	0	0	1	0	33
TCGA-BP-4968-01A-01D-1462-08	1	2	0	0	27	3	0	0	0	33
TCGA-BP-4971-01A-01D-1462-08	4	0	0	0	27	1	0	1	0	33
TCGA-BP-4986-01A-01D-1462-08	3	1	0	0	26	2	0	1	0	33
TCGA-BP-4995-01A-01D-1462-08	0	0	1	0	25	6	0	1	0	33
TCGA-BP-5174-01A-01D-1429-08	7	1	0	0	24	0	0	1	0	33
TCGA-BP-5175-01A-01D-1429-08	5	0	0	0	24	2	0	2	0	33
TCGA-CZ-5469-01A-01D-1501-10	0	1	1	0	28	2	0	1	0	33
TCGA-CZ-5984-01A-11D-1669-08	1	2	1	0	25	3	0	1	0	33
TCGA-MW-A4EC-01A-11D-A25V-10	5	0	1	0	25	0	0	2	0	33
TCGA-A3-3365-01A-01D-0966-08	4	0	0	0	26	1	0	1	0	32
TCGA-A3-3370-01A-02D-1421-08	1	1	1	0	26	3	0	0	0	32
TCGA-BP-4992-01A-01D-1462-08	1	1	0	0	29	1	0	0	0	32
TCGA-BP-5000-01A-01D-1462-08	4	1	0	0	24	2	0	0	1	32
TCGA-BP-5170-01A-01D-1429-08	5	0	0	0	24	1	0	1	1	32
TCGA-BP-5190-01A-01D-1429-08	2	0	0	0	27	1	0	2	0	32
TCGA-BP-5200-01A-01D-1429-08	3	0	0	0	28	0	0	1	0	32
TCGA-BP-5202-01A-02D-1429-08	2	0	1	0	27	1	0	1	0	32
TCGA-B0-5710-01A-11D-1669-08	3	0	2	0	24	1	0	1	0	31
TCGA-B8-4148-01A-02D-1386-10	1	1	1	0	26	1	0	1	0	31
TCGA-BP-4991-01A-01D-1462-08	3	1	2	0	23	2	0	0	0	31
TCGA-CZ-4863-01A-01D-1501-10	8	0	0	0	22	1	0	0	0	31
TCGA-CZ-5460-01A-01D-1501-10	2	3	1	0	22	2	0	1	0	31
TCGA-CZ-5988-01A-11D-1669-08	3	1	0	0	27	0	0	0	0	31
TCGA-AK-3447-01A-01W-0886-08	1	2	0	0	21	4	0	2	0	30
TCGA-B0-5113-01A-01D-1421-08	4	2	0	0	22	1	0	1	0	30
TCGA-BP-4974-01A-01D-1462-08	3	2	2	0	23	0	0	0	0	30
TCGA-CW-5591-01A-01D-1534-10	0	1	0	0	27	2	0	0	0	30
TCGA-B2-A4SR-01A-11D-A25V-10	4	1	2	0	21	1	0	0	0	29
TCGA-BP-4961-01A-01D-1462-08	3	3	0	0	21	1	0	1	0	29
TCGA-BP-4972-01A-01D-1462-08	3	1	1	0	22	0	0	2	0	29
TCGA-BP-4998-01A-01D-1462-08	1	0	0	0	25	2	0	1	0	29
TCGA-CZ-5455-01A-01D-1501-10	1	0	0	0	26	2	0	0	0	29
TCGA-DV-5573-01A-01D-1534-10	1	0	0	0	27	1	0	0	0	29
TCGA-T7-A92I-01A-11D-A36X-10	2	1	0	0	25	0	0	1	0	29
TCGA-A3-A8OX-01A-11D-A36X-10	1	0	0	0	23	4	0	0	0	28
TCGA-AK-3440-01A-01W-0886-08	1	6	1	0	18	1	0	1	0	28
TCGA-AK-3465-01A-01W-0886-08	2	6	0	0	18	2	0	0	0	28
TCGA-B0-4700-01A-02D-1534-10	3	1	1	0	18	1	0	4	0	28
TCGA-B0-5711-01A-11D-1669-08	5	1	0	0	19	3	0	0	0	28
TCGA-BP-4982-01A-01D-1462-08	2	0	0	0	24	2	0	0	0	28
TCGA-BP-5001-01A-01D-1462-08	2	0	0	0	23	1	0	2	0	28
TCGA-A3-A6NL-01A-11D-A33K-10	1	0	0	0	21	4	0	1	0	27
TCGA-B8-4146-01B-11D-1669-08	6	0	0	0	20	1	0	0	0	27
TCGA-BP-4973-01A-01D-1462-08	2	2	1	0	20	0	0	2	0	27
TCGA-BP-5186-01A-01D-1429-08	1	1	0	0	21	2	1	1	0	27
TCGA-CJ-5684-01A-11D-1534-10	0	2	1	0	21	2	0	1	0	27
TCGA-A3-3380-01A-01D-0966-08	1	0	0	0	23	1	0	1	0	26
TCGA-A3-A8OW-01A-11D-A36X-10	2	2	0	0	21	1	0	0	0	26
TCGA-BP-4970-01A-01D-1462-08	4	0	0	0	20	1	0	1	0	26
TCGA-A3-A8CQ-01A-11D-A36X-10	3	0	0	0	21	1	0	0	0	25
TCGA-B0-5400-01A-01D-1501-10	3	0	0	0	20	2	0	0	0	25
TCGA-B0-5100-01A-01D-1421-08	0	0	0	0	24	0	0	0	0	24
TCGA-B0-5707-01A-11D-1534-10	0	3	0	0	19	2	0	0	0	24
TCGA-B4-5834-01A-11D-1669-08	2	1	0	0	18	1	0	2	0	24
TCGA-B8-5552-01B-11D-1669-08	1	0	0	0	21	2	0	0	0	24
TCGA-CZ-5452-01A-01D-1501-10	4	1	0	0	16	3	0	0	0	24
TCGA-AK-3465-01A-01D-0966-08	3	0	0	0	19	1	0	0	0	23
TCGA-B8-A54F-01A-11D-A25V-10	4	0	1	0	16	2	0	0	0	23
TCGA-BP-5007-01A-01D-1462-08	5	0	0	0	17	1	0	0	0	23
TCGA-CJ-4899-01A-01D-1462-08	3	1	1	0	17	1	0	0	0	23
TCGA-DV-A4W0-05A-11D-A25V-10	3	0	0	0	18	2	0	0	0	23
TCGA-CJ-4908-01A-01D-1429-08	2	0	0	0	19	1	0	0	0	22
TCGA-CJ-5681-01A-11D-1534-10	4	0	0	0	17	0	0	1	0	22
TCGA-CW-5583-01A-02D-1534-10	4	0	0	0	18	0	0	0	0	22
TCGA-BP-4987-01A-01D-1462-08	2	0	2	0	16	1	0	0	0	21
TCGA-BP-5184-01A-01D-1429-08	2	1	1	0	17	0	0	0	0	21
TCGA-CZ-5458-01A-01D-1501-10	1	0	0	0	17	2	0	1	0	21
TCGA-DV-5575-01A-01D-1534-10	3	0	0	0	17	0	0	1	0	21
TCGA-B8-5545-01A-01D-1669-08	3	1	1	0	13	2	0	0	0	20
TCGA-B8-A8YJ-01A-13D-A38X-10	0	0	1	0	19	0	0	0	0	20
TCGA-6D-AA2E-01A-11D-A36X-10	2	0	1	0	13	2	0	1	0	19
TCGA-BP-5194-01A-02D-1429-08	2	0	0	0	15	0	0	2	0	19
TCGA-CZ-5454-01A-01D-1501-10	4	1	0	0	12	1	0	1	0	19
TCGA-AK-3447-01A-01D-0966-08	1	0	0	0	11	4	0	2	0	18
TCGA-DV-5574-01A-01D-1534-10	1	0	0	0	15	1	0	1	0	18
TCGA-CW-6097-01A-11D-1669-08	2	0	0	0	15	0	0	0	0	17
TCGA-AS-3777-01A-01D-0966-08	0	0	1	0	13	0	0	1	0	15
TCGA-B8-5165-01A-01D-1421-08	0	1	0	0	11	2	0	1	0	15
TCGA-DV-5568-01A-01D-1534-10	1	0	1	0	11	1	0	1	0	15
TCGA-AK-3453-01A-01W-0886-08	0	2	0	0	12	0	0	0	0	14
TCGA-B2-5636-01A-02D-1534-10	0	0	0	0	13	0	0	1	0	14
TCGA-B8-A54K-01A-11D-A33K-10	1	1	0	0	9	2	0	1	0	14
TCGA-B0-5083-01A-02D-1421-08	1	0	0	0	11	1	0	0	0	13
TCGA-BP-4795-01A-02D-1421-08	0	0	0	0	13	0	0	0	0	13
TCGA-DV-5567-01A-01D-1534-10	0	0	0	0	11	2	0	0	0	13
TCGA-DV-5576-01A-01D-1534-10	0	0	0	0	12	1	0	0	0	13
TCGA-A3-3374-01A-01D-0966-08	0	1	0	0	10	0	0	1	0	12
TCGA-DV-5569-01A-01D-1534-10	0	0	0	0	9	2	0	0	0	11
TCGA-AK-3443-01A-01W-0886-08	0	3	0	0	7	0	0	0	0	10
TCGA-AK-3427-01A-01D-0966-08	0	0	1	0	8	0	0	0	0	9
TCGA-B0-5117-01A-01D-1421-08	1	2	0	0	6	0	0	0	0	9
TCGA-BP-4760-01A-02D-1421-08	1	0	0	0	8	0	0	0	0	9
TCGA-B8-5546-01A-01D-1534-10	0	0	0	0	7	0	0	0	0	7
TCGA-BP-4177-01A-02D-1421-08	0	0	0	0	7	0	0	0	0	7
TCGA-DV-A4VZ-01A-11D-A25V-10	0	0	1	0	6	0	0	0	0	7
